,year,month,monthly rain,binary rain
0,1899,10,52.324,1
1,1899,11,50.038,0
2,1899,12,59.69,0
3,1900,1,58.92799999999999,0
4,1900,2,1.27,0
5,1900,3,40.132,0
6,1900,4,10.668,0
7,1900,5,48.26,0
8,1900,6,0.254,0
9,1900,7,0.508,0
10,1900,8,0.0,0
11,1900,9,1.016,0
12,1900,10,3.8099999999999996,0
13,1900,11,101.346,1
14,1900,12,0.508,0
15,1901,1,123.44399999999999,0
16,1901,2,92.71,0
17,1901,3,4.064,0
18,1901,4,52.578,1
19,1901,5,8.636,0
20,1901,6,2.54,0
21,1901,7,1.5239999999999998,0
22,1901,8,2.2859999999999996,0
23,1901,9,9.144,0
24,1901,10,61.467999999999996,1
25,1901,11,29.463999999999995,0
26,1901,12,0.0,0
27,1902,1,34.544,0
28,1902,2,111.75999999999999,0
29,1902,3,73.40599999999999,0
30,1902,4,35.56,0
31,1902,5,1.778,0
32,1902,6,0.0,0
33,1902,7,0.0,0
34,1902,8,0.0,0
35,1902,9,0.0,0
36,1902,10,37.592,1
37,1902,11,101.85399999999998,1
38,1902,12,56.896,0
39,1903,1,52.324,0
40,1903,2,41.401999999999994,0
41,1903,3,155.44799999999998,0
42,1903,4,73.91399999999999,1
43,1903,5,6.857999999999999,0
44,1903,6,0.508,0
45,1903,7,0.0,0
46,1903,8,0.0,0
47,1903,9,0.0,0
48,1903,10,0.0,0
49,1903,11,1.27,0
50,1903,12,0.0,0
51,1904,1,11.683999999999997,0
52,1904,2,120.142,0
53,1904,3,110.49,1
54,1904,4,48.00599999999999,0
55,1904,5,2.286,0
56,1904,6,0.0,0
57,1904,7,0.0,0
58,1904,8,2.54,0
59,1904,9,181.60999999999999,1
60,1904,10,12.953999999999999,0
61,1904,11,0.0,0
62,1904,12,38.861999999999995,0
63,1905,1,94.74199999999999,0
64,1905,2,208.78799999999998,1
65,1905,3,162.56,1
66,1905,4,12.954,0
67,1905,5,36.57599999999999,0
68,1905,6,1.27,0
69,1905,7,4.571999999999999,0
70,1905,8,0.0,0
71,1905,9,0.762,0
72,1905,10,4.064,0
73,1905,11,28.701999999999998,0
74,1905,12,1.778,0
75,1906,1,108.20400000000001,1
76,1906,2,93.218,0
77,1906,3,252.98399999999998,1
78,1906,4,21.082,0
79,1906,5,60.959999999999994,1
80,1906,6,0.0,0
81,1906,7,0.0,0
82,1906,8,1.016,0
83,1906,9,0.0,0
84,1906,10,0.0,0
85,1906,11,8.889999999999999,0
86,1906,12,164.084,0
87,1907,1,316.484,1
88,1907,2,59.436,0
89,1907,3,143.256,0
90,1907,4,6.8580000000000005,0
91,1907,5,0.0,0
92,1907,6,4.064,0
93,1907,7,0.0,0
94,1907,8,0.7619999999999999,0
95,1907,9,0.0,0
96,1907,10,158.24200000000002,1
97,1907,11,0.0,0
98,1907,12,45.72,0
99,1908,1,108.204,0
100,1908,2,151.384,0
101,1908,3,5.334,0
102,1908,4,12.445999999999998,0
103,1908,5,5.08,0
104,1908,6,0.0,0
105,1908,7,0.0,0
106,1908,8,0.0,0
107,1908,9,29.464,0
108,1908,10,5.079999999999999,0
109,1908,11,46.736000000000004,0
110,1908,12,62.99199999999999,0
111,1909,1,398.01800000000003,1
112,1909,2,202.18399999999997,0
113,1909,3,175.51399999999998,1
114,1909,4,0.0,0
115,1909,5,0.7619999999999999,0
116,1909,6,2.032,0
117,1909,7,0.0,0
118,1909,8,0.254,0
119,1909,9,4.318,0
120,1909,10,14.478,0
121,1909,11,59.43599999999999,0
122,1909,12,242.06199999999998,1
123,1910,1,73.40599999999999,0
124,1910,2,2.032,0
125,1910,3,91.948,0
126,1910,4,9.905999999999999,0
127,1910,5,0.0,0
128,1910,6,0.0,0
129,1910,7,0.508,0
130,1910,8,0.0,0
131,1910,9,65.02399999999999,1
132,1910,10,7.366,0
133,1910,11,8.382,0
134,1910,12,19.049999999999997,0
135,1911,1,360.93399999999997,1
136,1911,2,124.96799999999999,0
137,1911,3,197.10399999999998,1
138,1911,4,25.907999999999998,0
139,1911,5,0.762,0
140,1911,6,1.27,0
141,1911,7,0.0,0
142,1911,8,0.0,0
143,1911,9,3.0479999999999996,0
144,1911,10,7.112,0
145,1911,11,0.508,0
146,1911,12,59.181999999999995,0
147,1912,1,10.668,0
148,1912,2,0.0,0
149,1912,3,240.03,1
150,1912,4,53.848,0
151,1912,5,40.132,1
152,1912,6,0.0,0
153,1912,7,0.0,0
154,1912,8,0.0,0
155,1912,9,0.0,0
156,1912,10,7.111999999999999,0
157,1912,11,5.334,0
158,1912,12,0.0,0
159,1913,1,79.75599999999999,0
160,1913,2,159.512,1
161,1913,3,16.256,0
162,1913,4,26.415999999999997,0
163,1913,5,4.8260000000000005,0
164,1913,6,12.7,0
165,1913,7,2.2859999999999996,0
166,1913,8,1.778,0
167,1913,9,4.318,0
168,1913,10,0.0,0
169,1913,11,87.122,1
170,1913,12,68.58,0
171,1914,1,404.114,1
172,1914,2,185.42,1
173,1914,3,24.13,0
174,1914,4,17.78,0
175,1914,5,0.7619999999999999,0
176,1914,6,4.064,0
177,1914,7,1.27,0
178,1914,8,0.0,0
179,1914,9,0.0,0
180,1914,10,3.048,0
181,1914,11,1.016,0
182,1914,12,111.252,0
183,1915,1,125.476,0
184,1915,2,203.962,1
185,1915,3,29.209999999999997,0
186,1915,4,24.637999999999998,0
187,1915,5,39.878,1
188,1915,6,0.0,0
189,1915,7,0.0,0
190,1915,8,0.0,0
191,1915,9,1.27,0
192,1915,10,0.0,0
193,1915,11,16.51,0
194,1915,12,103.124,1
195,1916,1,437.388,1
196,1916,2,48.00599999999999,0
197,1916,3,45.974,0
198,1916,4,7.619999999999999,0
199,1916,5,0.0,0
200,1916,6,0.0,0
201,1916,7,0.0,0
202,1916,8,2.794,0
203,1916,9,48.26,1
204,1916,10,71.62799999999999,0
205,1916,11,2.54,0
206,1916,12,155.448,1
207,1917,1,77.47,0
208,1917,2,193.29399999999998,0
209,1917,3,7.112,0
210,1917,4,7.111999999999999,0
211,1917,5,2.2859999999999996,0
212,1917,6,0.0,0
213,1917,7,0.0,0
214,1917,8,0.7619999999999999,0
215,1917,9,1.27,0
216,1917,10,0.0,0
217,1917,11,4.3180000000000005,0
218,1917,12,0.7619999999999999,0
219,1918,1,12.953999999999999,0
220,1918,2,265.938,1
221,1918,3,263.39799999999997,1
222,1918,4,1.27,0
223,1918,5,0.0,0
224,1918,6,0.0,0
225,1918,7,6.35,0
226,1918,8,7.366,0
227,1918,9,54.102,0
228,1918,10,0.508,0
229,1918,11,92.45599999999999,0
230,1918,12,21.081999999999997,0
231,1919,1,30.479999999999997,0
232,1919,2,49.53,0
233,1919,3,66.548,0
234,1919,4,4.318,0
235,1919,5,27.177999999999994,0
236,1919,6,0.0,0
237,1919,7,0.0,0
238,1919,8,0.0,0
239,1919,9,21.336,0
240,1919,10,6.858,0
241,1919,11,5.842,0
242,1919,12,53.593999999999994,0
243,1920,1,8.382,0
244,1920,2,148.082,0
245,1920,3,106.67999999999999,0
246,1920,4,20.574,0
247,1920,5,0.0,0
248,1920,6,2.032,0
249,1920,7,0.0,0
250,1920,8,0.0,0
251,1920,9,0.0,0
252,1920,10,10.16,0
253,1920,11,14.223999999999998,0
254,1920,12,38.354,0
255,1921,1,135.128,0
256,1921,2,40.132000000000005,0
257,1921,3,44.95799999999999,0
258,1921,4,9.652,0
259,1921,5,68.326,0
260,1921,6,2.54,0
261,1921,7,0.0,0
262,1921,8,0.0,0
263,1921,9,6.096,0
264,1921,10,8.128,0
265,1921,11,0.508,0
266,1921,12,184.15,0
267,1922,1,117.856,0
268,1922,2,88.392,0
269,1922,3,69.342,0
270,1922,4,2.2859999999999996,0
271,1922,5,11.43,0
272,1922,6,0.0,0
273,1922,7,0.0,0
274,1922,8,0.0,0
275,1922,9,0.0,0
276,1922,10,9.398,0
277,1922,11,50.292,0
278,1922,12,221.23399999999995,1
279,1923,1,49.022,0
280,1923,2,23.114,0
281,1923,3,0.0,0
282,1923,4,83.56599999999999,0
283,1923,5,0.0,0
284,1923,6,0.7619999999999999,0
285,1923,7,0.0,0
286,1923,8,0.7619999999999999,0
287,1923,9,3.302,0
288,1923,10,6.35,0
289,1923,11,0.0,0
290,1923,12,2.032,0
291,1924,1,41.401999999999994,0
292,1924,2,1.5239999999999998,0
293,1924,3,92.964,0
294,1924,4,15.748,0
295,1924,5,0.0,0
296,1924,6,0.0,0
297,1924,7,0.0,0
298,1924,8,0.0,0
299,1924,9,0.0,0
300,1924,10,21.59,0
301,1924,11,30.479999999999997,0
302,1924,12,30.479999999999997,0
303,1925,1,15.239999999999998,0
304,1925,2,36.83,0
305,1925,3,70.866,0
306,1925,4,48.006,0
307,1925,5,56.641999999999996,1
308,1925,6,1.27,0
309,1925,7,1.27,0
310,1925,8,0.0,0
311,1925,9,0.0,0
312,1925,10,18.034,0
313,1925,11,20.32,0
314,1925,12,65.278,0
315,1926,1,52.831999999999994,0
316,1926,2,108.712,0
317,1926,3,6.35,0
318,1926,4,155.702,1
319,1926,5,0.0,0
320,1926,6,0.0,0
321,1926,7,0.0,0
322,1926,8,0.0,0
323,1926,9,0.0,0
324,1926,10,9.143999999999998,0
325,1926,11,173.736,1
326,1926,12,15.748,0
327,1927,1,49.275999999999996,0
328,1927,2,250.444,1
329,1927,3,57.91199999999999,0
330,1927,4,19.811999999999998,0
331,1927,5,0.0,0
332,1927,6,0.0,0
333,1927,7,0.0,0
334,1927,8,1.27,0
335,1927,9,2.794,0
336,1927,10,88.392,1
337,1927,11,37.846,0
338,1927,12,83.312,0
339,1928,1,0.0,0
340,1928,2,49.53,0
341,1928,3,62.483999999999995,0
342,1928,4,4.3180000000000005,0
343,1928,5,12.7,0
344,1928,6,1.27,0
345,1928,7,0.0,0
346,1928,8,0.0,0
347,1928,9,0.0,0
348,1928,10,2.54,0
349,1928,11,62.483999999999995,0
350,1928,12,112.014,0
351,1929,1,38.861999999999995,0
352,1929,2,57.91199999999999,0
353,1929,3,60.70599999999999,1
354,1929,4,29.717999999999996,0
355,1929,5,0.0,0
356,1929,6,5.08,0
357,1929,7,0.0,0
358,1929,8,0.0,0
359,1929,9,1.27,0
360,1929,10,0.0,0
361,1929,11,0.0,0
362,1929,12,0.0,0
363,1930,1,147.828,0
364,1930,2,30.733999999999998,0
365,1930,3,125.222,0
366,1930,4,24.13,0
367,1930,5,16.002,0
368,1930,6,3.0479999999999996,0
369,1930,7,0.0,0
370,1930,8,0.0,0
371,1930,9,0.254,0
372,1930,10,1.016,0
373,1930,11,67.056,0
374,1930,12,0.0,0
375,1931,1,107.94999999999999,0
376,1931,2,103.378,0
377,1931,3,0.0,0
378,1931,4,36.321999999999996,0
379,1931,5,53.593999999999994,1
380,1931,6,0.0,0
381,1931,7,0.0,0
382,1931,8,5.842,0
383,1931,9,0.254,0
384,1931,10,0.0,0
385,1931,11,71.374,0
386,1931,12,249.93599999999998,1
387,1932,1,60.96000000000001,0
388,1932,2,156.718,1
389,1932,3,5.842,0
390,1932,4,8.889999999999999,0
391,1932,5,2.286,0
392,1932,6,0.0,0
393,1932,7,0.0,0
394,1932,8,0.0,0
395,1932,9,2.794,0
396,1932,10,2.54,0
397,1932,11,0.0,0
398,1932,12,17.018,0
399,1933,1,163.06799999999998,0
400,1933,2,0.0,0
401,1933,3,7.619999999999999,0
402,1933,4,5.08,0
403,1933,5,2.794,0
404,1933,6,19.049999999999997,0
405,1933,7,0.0,0
406,1933,8,0.0,0
407,1933,9,0.0,0
408,1933,10,22.352,0
409,1933,11,2.794,0
410,1933,12,159.51199999999997,1
411,1934,1,37.846,0
412,1934,2,93.21799999999999,0
413,1934,3,0.0,0
414,1934,4,0.0,0
415,1934,5,0.0,0
416,1934,6,25.4,1
417,1934,7,0.0,0
418,1934,8,0.0,0
419,1934,9,1.016,0
420,1934,10,48.00599999999999,0
421,1934,11,88.392,0
422,1934,12,92.202,1
423,1935,1,104.13999999999999,0
424,1935,2,40.132,0
425,1935,3,80.264,0
426,1935,4,84.328,0
427,1935,5,0.0,0
428,1935,6,0.0,0
429,1935,7,1.778,0
430,1935,8,6.857999999999999,0
431,1935,9,0.508,0
432,1935,10,19.811999999999998,0
433,1935,11,18.034,0
434,1935,12,37.083999999999996,0
435,1936,1,18.541999999999998,0
436,1936,2,266.44599999999997,1
437,1936,3,50.038,0
438,1936,4,16.51,0
439,1936,5,0.254,0
440,1936,6,0.254,0
441,1936,7,0.254,0
442,1936,8,17.779999999999998,1
443,1936,9,0.0,0
444,1936,10,47.244,1
445,1936,11,0.0,0
446,1936,12,176.022,1
447,1937,1,80.00999999999999,0
448,1937,2,202.94599999999997,1
449,1937,3,123.952,0
450,1937,4,0.7619999999999999,0
451,1937,5,2.794,0
452,1937,6,0.0,0
453,1937,7,0.0,0
454,1937,8,0.0,0
455,1937,9,0.0,0
456,1937,10,4.064,0
457,1937,11,2.286,0
458,1937,12,111.75999999999999,1
459,1938,1,48.260000000000005,0
460,1938,2,208.27999999999997,1
461,1938,3,260.604,1
462,1938,4,27.686,0
463,1938,5,0.0,0
464,1938,6,0.0,0
465,1938,7,0.0,0
466,1938,8,0.0,0
467,1938,9,4.8260000000000005,0
468,1938,10,3.5559999999999996,0
469,1938,11,2.032,0
470,1938,12,125.476,0
471,1939,1,72.136,0
472,1939,2,32.257999999999996,0
473,1939,3,91.94800000000001,1
474,1939,4,4.318,0
475,1939,5,2.54,0
476,1939,6,0.0,0
477,1939,7,0.0,0
478,1939,8,0.0,0
479,1939,9,6.603999999999999,0
480,1939,10,2.286,0
481,1939,11,0.508,0
482,1939,12,35.81399999999999,0
483,1940,1,162.30599999999998,0
484,1940,2,149.09799999999998,0
485,1940,3,20.827999999999996,0
486,1940,4,26.923999999999996,0
487,1940,5,0.508,0
488,1940,6,0.0,0
489,1940,7,0.0,0
490,1940,8,0.0,0
491,1940,9,0.0,0
492,1940,10,19.049999999999997,0
493,1940,11,10.921999999999999,0
494,1940,12,226.568,1
495,1941,1,245.87199999999999,1
496,1941,2,208.534,0
497,1941,3,297.43399999999997,1
498,1941,4,139.7,1
499,1941,5,0.254,0
500,1941,6,0.0,0
501,1941,7,0.7619999999999999,0
502,1941,8,0.254,0
503,1941,9,0.0,0
504,1941,10,22.606,0
505,1941,11,11.43,0
506,1941,12,147.066,0
507,1942,1,23.114,0
508,1942,2,16.256,0
509,1942,3,39.116,0
510,1942,4,67.31,0
511,1942,5,0.0,0
512,1942,6,0.254,0
513,1942,7,0.0,0
514,1942,8,0.7619999999999999,0
515,1942,9,0.7619999999999999,0
516,1942,10,18.795999999999996,0
517,1942,11,14.985999999999999,0
518,1942,12,32.004,0
519,1943,1,296.418,1
520,1943,2,59.181999999999995,0
521,1943,3,58.928,0
522,1943,4,22.352,0
523,1943,5,0.254,0
524,1943,6,0.0,0
525,1943,7,0.0,0
526,1943,8,0.0,0
527,1943,9,0.0,0
528,1943,10,18.795999999999996,0
529,1943,11,0.0,0
530,1943,12,106.426,0
531,1944,1,36.576,0
532,1944,2,185.928,0
533,1944,3,35.306,0
534,1944,4,23.621999999999996,0
535,1944,5,1.27,0
536,1944,6,0.0,0
537,1944,7,0.0,0
538,1944,8,0.0,0
539,1944,9,0.254,0
540,1944,10,0.0,0
541,1944,11,81.53399999999999,1
542,1944,12,28.448,0
543,1945,1,21.59,0
544,1945,2,109.47399999999999,1
545,1945,3,101.09199999999998,0
546,1945,4,0.7619999999999999,0
547,1945,5,0.7619999999999999,0
548,1945,6,1.27,0
549,1945,7,0.0,0
550,1945,8,0.0,0
551,1945,9,3.8099999999999996,0
552,1945,10,9.398,0
553,1945,11,15.239999999999998,0
554,1945,12,172.212,1
555,1946,1,10.16,0
556,1946,2,18.287999999999997,0
557,1946,3,68.326,0
558,1946,4,0.0,0
559,1946,5,1.27,0
560,1946,6,0.508,0
561,1946,7,0.0,0
562,1946,8,0.0,0
563,1946,9,0.0,0
564,1946,10,22.605999999999998,0
565,1946,11,152.39999999999998,1
566,1946,12,80.518,0
567,1947,1,15.239999999999998,0
568,1947,2,19.304,0
569,1947,3,45.72,0
570,1947,4,2.54,0
571,1947,5,2.032,0
572,1947,6,0.0,0
573,1947,7,0.0,0
574,1947,8,0.254,0
575,1947,9,0.7619999999999999,0
576,1947,10,5.588,0
577,1947,11,0.0,0
578,1947,12,9.398,0
579,1948,1,0.0,0
580,1948,2,43.434,0
581,1948,3,108.966,1
582,1948,4,51.053999999999995,0
583,1948,5,10.921999999999999,0
584,1948,6,4.318,0
585,1948,7,0.0,0
586,1948,8,0.0,0
587,1948,9,0.0,0
588,1948,10,2.032,0
589,1948,11,0.0,0
590,1948,12,67.056,0
591,1949,1,35.56,0
592,1949,2,34.29,0
593,1949,3,70.612,0
594,1949,4,6.095999999999999,0
595,1949,5,61.721999999999994,1
596,1949,6,0.7619999999999999,0
597,1949,7,0.0,0
598,1949,8,0.0,0
599,1949,9,0.0,0
600,1949,10,0.508,0
601,1949,11,43.688,0
602,1949,12,105.66399999999999,0
603,1950,1,64.51599999999999,0
604,1950,2,70.104,0
605,1950,3,32.766,0
606,1950,4,15.494,0
607,1950,5,1.27,0
608,1950,6,0.254,0
609,1950,7,20.574,1
610,1950,8,0.508,0
611,1950,9,10.414,0
612,1950,10,30.733999999999998,0
613,1950,11,47.751999999999995,0
614,1950,12,12.7,0
615,1951,1,64.262,0
616,1951,2,30.733999999999998,0
617,1951,3,30.480000000000004,0
618,1951,4,36.83,0
619,1951,5,0.254,0
620,1951,6,0.254,0
621,1951,7,0.0,0
622,1951,8,1.5239999999999998,0
623,1951,9,0.0,0
624,1951,10,12.446,0
625,1951,11,51.816,0
626,1951,12,121.91999999999999,0
627,1952,1,352.806,1
628,1952,2,18.034,0
629,1952,3,187.19799999999998,1
630,1952,4,45.465999999999994,0
631,1952,5,0.0,0
632,1952,6,2.032,0
633,1952,7,0.762,0
634,1952,8,0.254,0
635,1952,9,1.016,0
636,1952,10,2.54,0
637,1952,11,91.43999999999998,0
638,1952,12,133.604,0
639,1953,1,45.212,0
640,1953,2,0.762,0
641,1953,3,18.034,0
642,1953,4,36.068,0
643,1953,5,4.3180000000000005,0
644,1953,6,7.366,0
645,1953,7,0.0,0
646,1953,8,0.0,0
647,1953,9,0.254,0
648,1953,10,0.0,0
649,1953,11,52.831999999999994,1
650,1953,12,2.2859999999999996,0
651,1954,1,151.892,0
652,1954,2,74.92999999999999,1
653,1954,3,96.774,0
654,1954,4,11.176,0
655,1954,5,1.524,0
656,1954,6,0.508,0
657,1954,7,0.0,0
658,1954,8,0.508,0
659,1954,9,0.0,0
660,1954,10,0.7619999999999999,0
661,1954,11,51.562,0
662,1954,12,91.44,0
663,1955,1,111.506,0
664,1955,2,58.166,0
665,1955,3,17.779999999999998,0
666,1955,4,87.63,1
667,1955,5,10.159999999999998,0
668,1955,6,0.254,0
669,1955,7,0.0,0
670,1955,8,0.254,0
671,1955,9,0.0,0
672,1955,10,0.0,0
673,1955,11,34.544,0
674,1955,12,154.178,0
675,1956,1,182.626,1
676,1956,2,29.21,0
677,1956,3,0.0,0
678,1956,4,61.467999999999996,0
679,1956,5,41.656,0
680,1956,6,0.0,0
681,1956,7,0.0,0
682,1956,8,0.0,0
683,1956,9,0.0,0
684,1956,10,2.794,0
685,1956,11,0.0,0
686,1956,12,3.556,0
687,1957,1,136.906,0
688,1957,2,94.99600000000001,0
689,1957,3,13.716,0
690,1957,4,58.67399999999999,1
691,1957,5,39.878,0
692,1957,6,1.5239999999999998,0
693,1957,7,0.0,0
694,1957,8,0.0,0
695,1957,9,0.0,0
696,1957,10,35.814,0
697,1957,11,12.953999999999999,0
698,1957,12,114.554,0
699,1958,1,94.74199999999999,1
700,1958,2,249.93599999999998,1
701,1958,3,157.48,0
702,1958,4,137.922,1
703,1958,5,8.382,0
704,1958,6,0.0,0
705,1958,7,0.0,0
706,1958,8,0.0,0
707,1958,9,6.8580000000000005,0
708,1958,10,0.0,0
709,1958,11,2.7939999999999996,0
710,1958,12,1.016,0
711,1959,1,69.342,1
712,1959,2,129.03199999999998,0
713,1959,3,0.0,0
714,1959,4,22.606,0
715,1959,5,0.508,0
716,1959,6,0.0,0
717,1959,7,0.0,0
718,1959,8,0.0,0
719,1959,9,0.254,0
720,1959,10,0.254,0
721,1959,11,0.0,0
722,1959,12,25.654,0
723,1960,1,79.24799999999999,0
724,1960,2,86.106,0
725,1960,3,16.002,0
726,1960,4,67.056,1
727,1960,5,0.0,0
728,1960,6,0.254,0
729,1960,7,0.0,0
730,1960,8,0.0,0
731,1960,9,0.0,0
732,1960,10,2.286,0
733,1960,11,166.878,1
734,1960,12,10.414,0
735,1961,1,45.974,0
736,1961,2,0.508,0
737,1961,3,20.319999999999997,0
738,1961,4,5.08,0
739,1961,5,2.286,0
740,1961,6,0.0,0
741,1961,7,0.0,0
742,1961,8,0.254,0
743,1961,9,1.016,0
744,1961,10,0.0,0
745,1961,11,94.996,1
746,1961,12,37.338,0
747,1962,1,55.372,0
748,1962,2,440.182,1
749,1962,3,35.814,0
750,1962,4,0.0,0
751,1962,5,0.0,0
752,1962,6,0.0,0
753,1962,7,0.0,0
754,1962,8,0.0,0
755,1962,9,0.0,0
756,1962,10,10.668,0
757,1962,11,0.0,0
758,1962,12,0.254,0
759,1963,1,24.13,0
760,1963,2,153.416,1
761,1963,3,93.472,0
762,1963,4,56.134,0
763,1963,5,0.508,0
764,1963,6,29.717999999999996,1
765,1963,7,0.0,0
766,1963,8,0.0,0
767,1963,9,20.066,0
768,1963,10,22.098,0
769,1963,11,66.548,1
770,1963,12,0.0,0
771,1964,1,36.06799999999999,0
772,1964,2,0.0,0
773,1964,3,43.17999999999999,0
774,1964,4,27.94,0
775,1964,5,0.0,0
776,1964,6,0.0,0
777,1964,7,0.0,0
778,1964,8,0.0,0
779,1964,9,0.0,0
780,1964,10,21.590000000000003,0
781,1964,11,59.944,0
782,1964,12,120.904,1
783,1965,1,19.558,0
784,1965,2,11.43,0
785,1965,3,52.324,0
786,1965,4,176.27599999999998,1
787,1965,5,0.0,0
788,1965,6,0.0,0
789,1965,7,0.0,0
790,1965,8,0.0,0
791,1965,9,2.2859999999999996,0
792,1965,10,0.0,0
793,1965,11,199.64399999999998,1
794,1965,12,94.48800000000001,1
795,1966,1,39.11599999999999,0
796,1966,2,18.796000000000003,0
797,1966,3,1.778,0
798,1966,4,0.0,0
799,1966,5,2.794,0
800,1966,6,0.0,0
801,1966,7,0.0,0
802,1966,8,0.508,0
803,1966,9,0.0,0
804,1966,10,1.778,0
805,1966,11,90.16999999999999,1
806,1966,12,157.226,1
807,1967,1,172.46599999999998,1
808,1967,2,12.7,0
809,1967,3,57.91199999999999,0
810,1967,4,98.298,0
811,1967,5,0.0,0
812,1967,6,0.0,0
813,1967,7,0.0,0
814,1967,8,0.0,0
815,1967,9,3.556,0
816,1967,10,0.0,0
817,1967,11,102.108,0
818,1967,12,27.686,0
819,1968,1,36.576,0
820,1968,2,51.30799999999999,0
821,1968,3,107.18799999999999,1
822,1968,4,15.748,0
823,1968,5,0.0,0
824,1968,6,0.0,0
825,1968,7,0.0,0
826,1968,8,0.0,0
827,1968,9,0.0,0
828,1968,10,26.924,0
829,1968,11,16.001999999999995,0
830,1968,12,45.465999999999994,0
831,1969,1,394.96999999999997,1
832,1969,2,212.08999999999997,0
833,1969,3,25.4,0
834,1969,4,48.767999999999994,0
835,1969,5,1.5239999999999998,0
836,1969,6,2.032,0
837,1969,7,0.508,0
838,1969,8,0.0,0
839,1969,9,1.27,0
840,1969,10,1.778,0
841,1969,11,51.56199999999999,0
842,1969,12,5.08,0
843,1970,1,82.042,0
844,1970,2,96.52,0
845,1970,3,62.992,0
846,1970,4,0.0,0
847,1970,5,0.0,0
848,1970,6,0.0,0
849,1970,7,0.508,0
850,1970,8,0.0,0
851,1970,9,0.0,0
852,1970,10,1.27,0
853,1970,11,115.31599999999999,1
854,1970,12,118.618,0
855,1971,1,30.733999999999998,0
856,1971,2,22.352,0
857,1971,3,20.827999999999996,0
858,1971,4,18.541999999999998,0
859,1971,5,27.939999999999998,0
860,1971,6,0.0,0
861,1971,7,0.0,0
862,1971,8,0.0,0
863,1971,9,0.0,0
864,1971,10,0.0,0
865,1971,11,12.191999999999998,0
866,1971,12,186.182,0
867,1972,1,4.3180000000000005,0
868,1972,2,11.684,0
869,1972,3,0.0,0
870,1972,4,4.064,0
871,1972,5,0.508,0
872,1972,6,0.254,0
873,1972,7,0.254,0
874,1972,8,0.0,0
875,1972,9,0.0,0
876,1972,10,1.016,0
877,1972,11,144.52599999999998,1
878,1972,12,18.541999999999998,0
879,1973,1,158.49599999999998,1
880,1973,2,230.378,1
881,1973,3,73.40599999999999,0
882,1973,4,0.0,0
883,1973,5,0.0,0
884,1973,6,0.0,0
885,1973,7,0.0,0
886,1973,8,0.7619999999999999,0
887,1973,9,0.0,0
888,1973,10,21.336,0
889,1973,11,50.038,0
890,1973,12,38.608,0
891,1974,1,192.532,1
892,1974,2,0.0,0
893,1974,3,126.49199999999999,0
894,1974,4,8.382,0
895,1974,5,0.0,0
896,1974,6,0.0,0
897,1974,7,1.27,0
898,1974,8,0.0,0
899,1974,9,0.0,0
900,1974,10,25.4,0
901,1974,11,2.2859999999999996,0
902,1974,12,187.19799999999998,1
903,1975,1,14.478,0
904,1975,2,141.478,1
905,1975,3,99.822,0
906,1975,4,22.097999999999995,0
907,1975,5,0.0,0
908,1975,6,0.0,0
909,1975,7,0.0,0
910,1975,8,0.254,0
911,1975,9,0.0,0
912,1975,10,7.873999999999999,0
913,1975,11,4.571999999999999,0
914,1975,12,3.0479999999999996,0
915,1976,1,0.0,0
916,1976,2,139.19199999999998,1
917,1976,3,50.546,0
918,1976,4,29.21,0
919,1976,5,0.254,0
920,1976,6,6.604,0
921,1976,7,0.254,0
922,1976,8,0.0,0
923,1976,9,101.85399999999998,1
924,1976,10,5.08,0
925,1976,11,21.59,0
926,1976,12,22.098,0
927,1977,1,98.806,1
928,1977,2,4.826,0
929,1977,3,40.132,0
930,1977,4,0.0,0
931,1977,5,83.82,1
932,1977,6,0.0,0
933,1977,7,0.0,0
934,1977,8,0.0,0
935,1977,9,0.0,0
936,1977,10,0.0,0
937,1977,11,17.272000000000002,0
938,1977,12,168.91,1
939,1978,1,282.19399999999996,1
940,1978,2,250.444,1
941,1978,3,296.926,1
942,1978,4,57.657999999999994,1
943,1978,5,0.0,0
944,1978,6,2.032,0
945,1978,7,0.0,0
946,1978,8,0.0,0
947,1978,9,30.733999999999998,0
948,1978,10,0.0,0
949,1978,11,81.026,0
950,1978,12,38.608000000000004,0
951,1979,1,97.78999999999999,0
952,1979,2,127.25399999999999,0
953,1979,3,176.27599999999998,1
954,1979,4,0.0,0
955,1979,5,0.0,0
956,1979,6,0.0,0
957,1979,7,0.0,0
958,1979,8,0.0,0
959,1979,9,23.114,0
960,1979,10,12.7,0
961,1979,11,12.192,0
962,1979,12,32.004,0
963,1980,1,158.49599999999998,0
964,1980,2,265.43,1
965,1980,3,85.344,1
966,1980,4,18.796,0
967,1980,5,5.588,0
968,1980,6,0.0,0
969,1980,7,12.191999999999998,0
970,1980,8,0.0,0
971,1980,9,0.0,0
972,1980,10,0.0,0
973,1980,11,0.0,0
974,1980,12,48.514,0
975,1981,1,82.29599999999999,0
976,1981,2,64.262,0
977,1981,3,157.22599999999997,1
978,1981,4,10.921999999999999,0
979,1981,5,0.0,0
980,1981,6,0.0,0
981,1981,7,0.0,0
982,1981,8,0.0,0
983,1981,9,0.0,0
984,1981,10,18.796,0
985,1981,11,62.23,0
986,1981,12,18.795999999999996,0
987,1982,1,65.786,0
988,1982,2,10.668,0
989,1982,3,170.688,0
990,1982,4,65.786,0
991,1982,5,0.0,0
992,1982,6,0.762,0
993,1982,7,0.0,0
994,1982,8,0.0,0
995,1982,9,52.577999999999996,0
996,1982,10,16.002,0
997,1982,11,131.572,1
998,1982,12,77.978,0
999,1983,1,293.37,1
1000,1983,2,182.626,1
1001,1983,3,143.764,0
1002,1983,4,105.91799999999999,1
1003,1983,5,8.636000000000001,0
1004,1983,6,0.0,0
1005,1983,7,0.0,0
1006,1983,8,39.36999999999999,1
1007,1983,9,18.796,0
1008,1983,10,74.42199999999998,1
1009,1983,11,83.82,0
1010,1983,12,136.398,1
1011,1984,1,2.54,0
1012,1984,2,3.556,0
1013,1984,3,13.462,0
1014,1984,4,3.048,0
1015,1984,5,0.0,0
1016,1984,6,0.0,0
1017,1984,7,0.0,0
1018,1984,8,3.0479999999999996,0
1019,1984,9,14.732000000000001,0
1020,1984,10,8.128,0
1021,1984,11,47.751999999999995,0
1022,1984,12,104.39399999999999,0
1023,1985,1,19.304000000000002,0
1024,1985,2,65.532,1
1025,1985,3,43.94199999999999,0
1026,1985,4,0.0,0
1027,1985,5,0.0,0
1028,1985,6,0.0,0
1029,1985,7,0.0,0
1030,1985,8,0.0,0
1031,1985,9,2.54,0
1032,1985,10,15.493999999999998,0
1033,1985,11,103.12400000000001,0
1034,1985,12,22.605999999999998,0
1035,1986,1,45.72,0
1036,1986,2,216.916,1
1037,1986,3,150.62199999999999,1
1038,1986,4,23.368,0
1039,1986,5,0.0,0
1040,1986,6,0.0,0
1041,1986,7,0.0,0
1042,1986,8,0.0,0
1043,1986,9,40.64,1
1044,1986,10,0.0,0
1045,1986,11,31.496,0
1046,1986,12,5.588,0
1047,1987,1,46.736,0
1048,1987,2,61.467999999999996,0
1049,1987,3,105.15599999999999,1
1050,1987,4,3.0479999999999996,0
1051,1987,5,0.0,0
1052,1987,6,1.016,0
1053,1987,7,0.0,0
1054,1987,8,0.0,0
1055,1987,9,0.0,0
1056,1987,10,34.544,0
1057,1987,11,23.113999999999997,0
1058,1987,12,72.39,0
1059,1988,1,64.77000000000001,0
1060,1988,2,38.099999999999994,0
1061,1988,3,17.779999999999998,0
1062,1988,4,80.772,1
1063,1988,5,8.89,0
1064,1988,6,0.254,0
1065,1988,7,0.0,0
1066,1988,8,0.0,0
1067,1988,9,0.0,0
1068,1988,10,0.0,0
1069,1988,11,24.384,0
1070,1988,12,98.806,0
1071,1989,1,8.636,0
1072,1989,2,67.056,0
1073,1989,3,20.573999999999998,0
1074,1989,4,7.874,0
1075,1989,5,10.16,0
1076,1989,6,0.0,0
1077,1989,7,0.0,0
1078,1989,8,0.0,0
1079,1989,9,1.016,0
1080,1989,10,17.78,0
1081,1989,11,13.97,0
1082,1989,12,0.0,0
1083,1990,1,67.31,0
1084,1990,2,66.04,0
1085,1990,3,0.0,0
1086,1990,4,4.064,0
1087,1990,5,18.287999999999997,0
1088,1990,6,0.0,0
1089,1990,7,0.0,0
1090,1990,8,0.0,0
1091,1990,9,3.3019999999999996,0
1092,1990,10,0.0,0
1093,1990,11,3.302,0
1094,1990,12,1.5239999999999998,0
1095,1991,1,44.449999999999996,0
1096,1991,2,66.294,1
1097,1991,3,313.18199999999996,1
1098,1991,4,0.508,0
1099,1991,5,0.0,0
1100,1991,6,11.684,1
1101,1991,7,0.254,0
1102,1991,8,5.8420000000000005,0
1103,1991,9,0.7619999999999999,0
1104,1991,10,13.97,0
1105,1991,11,2.2859999999999996,0
1106,1991,12,84.32799999999999,0
1107,1992,1,66.548,0
1108,1992,2,234.44199999999998,0
1109,1992,3,83.05799999999999,0
1110,1992,4,0.254,0
1111,1992,5,4.064,0
1112,1992,6,0.0,0
1113,1992,7,12.953999999999999,1
1114,1992,8,0.0,0
1115,1992,9,0.0,0
1116,1992,10,39.623999999999995,0
1117,1992,11,0.0,0
1118,1992,12,132.07999999999998,1
1119,1993,1,276.86,1
1120,1993,2,213.106,0
1121,1993,3,125.984,1
1122,1993,4,0.0,0
1123,1993,5,1.5239999999999998,0
1124,1993,6,16.256,1
1125,1993,7,0.0,0
1126,1993,8,0.0,0
1127,1993,9,0.0,0
1128,1993,10,4.064,0
1129,1993,11,35.306,0
1130,1993,12,35.559999999999995,0
1131,1994,1,43.434000000000005,0
1132,1994,2,150.11399999999998,0
1133,1994,3,40.132000000000005,0
1134,1994,4,14.478,0
1135,1994,5,3.3019999999999996,0
1136,1994,6,4.318,0
1137,1994,7,0.0,0
1138,1994,8,0.0,0
1139,1994,9,0.7619999999999999,0
1140,1994,10,16.764000000000003,0
1141,1994,11,47.498,0
1142,1994,12,22.605999999999998,0
1143,1995,1,557.276,1
1144,1995,2,36.57599999999999,0
1145,1995,3,256.032,1
1146,1995,4,7.62,0
1147,1995,5,21.336,0
1148,1995,6,11.937999999999999,0
1149,1995,7,0.0,0
1150,1995,8,0.0,0
1151,1995,9,0.0,0
1152,1995,10,0.0,0
1153,1995,11,4.318,0
1154,1995,12,82.29599999999999,0
1155,1996,1,52.831999999999994,0
1156,1996,2,228.09199999999998,1
1157,1996,3,46.227999999999994,0
1158,1996,4,22.352,0
1159,1996,5,15.494,0
1160,1996,6,0.0,0
1161,1996,7,0.0,0
1162,1996,8,0.0,0
1163,1996,9,0.0,0
1164,1996,10,67.056,1
1165,1996,11,74.422,1
1166,1996,12,173.22799999999998,1
1167,1997,1,169.41799999999998,0
1168,1997,2,0.0,0
1169,1997,3,0.0,0
1170,1997,4,0.0,0
1171,1997,5,0.0,0
1172,1997,6,0.0,0
1173,1997,7,0.508,0
1174,1997,8,0.508,0
1175,1997,9,1.27,0
1176,1997,10,3.8099999999999996,0
1177,1997,11,109.22,0
1178,1997,12,170.688,1
1179,1998,1,125.984,0
1180,1998,2,542.544,1
1181,1998,3,83.31199999999998,1
1182,1998,4,69.34199999999998,0
1183,1998,5,80.00999999999999,1
1184,1998,6,6.857999999999999,0
1185,1998,7,0.0,0
1186,1998,8,0.0,0
1187,1998,9,4.318,0
1188,1998,10,0.7619999999999999,0
1189,1998,11,20.573999999999998,0
1190,1998,12,21.589999999999996,0
1191,1999,1,52.06999999999999,0
1192,1999,2,24.384,0
1193,1999,3,93.97999999999999,0
1194,1999,4,57.91199999999999,1
1195,1999,5,0.0,0
1196,1999,6,3.556,0
1197,1999,7,0.0,0
1198,1999,8,0.0,0
1199,1999,9,0.0,0
1200,1999,10,0.0,0
1201,1999,11,39.36999999999999,0
1202,1999,12,0.0,0
1203,2000,1,61.721999999999994,0
1204,2000,2,274.574,0
1205,2000,3,94.488,0
1206,2000,4,107.44199999999998,1
1207,2000,5,0.0,0
1208,2000,6,0.254,0
1209,2000,7,0.0,0
1210,2000,8,0.0,0
1211,2000,9,0.0,0
1212,2000,10,118.36399999999998,1
1213,2000,11,0.0,0
1214,2000,12,2.54,0
1215,2001,1,191.262,1
1216,2001,2,148.33599999999998,0
1217,2001,3,152.654,1
1218,2001,4,40.894,0
1219,2001,5,1.524,0
1220,2001,6,0.0,0
1221,2001,7,0.0,0
1222,2001,8,0.0,0
1223,2001,9,0.0,0
1224,2001,10,15.24,0
1225,2001,11,105.41,0
1226,2001,12,55.117999999999995,0
1227,2002,1,27.686,0
1228,2002,2,9.652,0
1229,2002,3,10.414,0
1230,2002,4,1.016,0
1231,2002,5,3.556,0
1232,2002,6,0.0,0
1233,2002,7,0.254,0
1234,2002,8,0.508,0
1235,2002,9,4.8260000000000005,0
1236,2002,10,0.254,0
1237,2002,11,165.862,1
1238,2002,12,158.242,1
1239,2003,1,2.54,0
1240,2003,2,83.312,0
1241,2003,3,131.064,1
1242,2003,4,32.512,0
1243,2003,5,49.784,1
1244,2003,6,4.8260000000000005,0
1245,2003,7,1.27,0
1246,2003,8,0.0,0
1247,2003,9,0.0,0
1248,2003,10,0.0,0
1249,2003,11,47.498,0
1250,2003,12,58.674,0
1251,2004,1,10.667999999999997,0
1252,2004,2,142.494,1
1253,2004,3,12.191999999999998,0
1254,2004,4,0.254,0
1255,2004,5,0.0,0
1256,2004,6,0.0,0
1257,2004,7,0.0,0
1258,2004,8,0.0,0
1259,2004,9,0.0,0
1260,2004,10,116.84,1
1261,2004,11,9.398,0
1262,2004,12,196.85,1
1263,2005,1,307.08599999999996,1
1264,2005,2,169.926,0
1265,2005,3,98.80600000000001,1
1266,2005,4,21.844,0
1267,2005,5,17.525999999999996,0
1268,2005,6,0.0,0
1269,2005,7,0.0,0
1270,2005,8,0.0,0
1271,2005,9,2.794,0
1272,2005,10,29.464,0
1273,2005,11,42.418,0
1274,2005,12,18.796,0
1275,2006,1,113.03,0
1276,2006,2,83.05799999999999,1
1277,2006,3,107.867958,0
1278,2006,4,137.651998,1
1279,2006,5,32.766,0
1280,2006,6,0.0,0
1281,2006,7,0.0,0
1282,2006,8,2.032,0
1283,2006,9,0.0,0
1284,2006,10,4.826,0
1285,2006,11,6.858,0
1286,2006,12,22.098,0
1287,2007,1,57.91199999999999,0
1288,2007,2,49.022,0
1289,2007,3,2.54,0
1290,2007,4,19.558,0
1291,2007,5,0.0,0
1292,2007,6,0.0,0
1293,2007,7,0.0,0
1294,2007,8,0.0,0
1295,2007,9,5.334,0
1296,2007,10,5.842,0
1297,2007,11,0.0,0
1298,2007,12,78.74,1
1299,2008,1,298.70399999999984,1
1300,2008,2,54.35600000000002,0
1301,2008,3,0.0,0
1302,2008,4,3.301999999999999,0
1303,2008,5,0.508,0
1304,2008,6,0.7619999999999999,0
1305,2008,7,0.0,0
1306,2008,8,0.0,0
1307,2008,9,0.0,0
1308,2008,10,1.27,0
1309,2008,11,49.784,0
1310,2008,12,57.91199999999999,0
1311,2009,1,24.892,0
1312,2009,2,127.76199999999999,0
1313,2009,3,22.098,0
1314,2009,4,5.334,0
1315,2009,5,0.0,0
1316,2009,6,11.43,0
1317,2009,7,0.0,0
1318,2009,8,0.0,0
1319,2009,9,0.254,0
1320,2009,10,101.34599999999911,1
1321,2009,11,0.508,0
1322,2009,12,79.50200000000004,0
1323,2010,1,150.62200000000007,0
1324,2010,2,117.09400000000007,0
1325,2010,3,17.272000000000006,0
1326,2010,4,48.00600000000002,0
1327,2010,5,4.064,0
1328,2010,6,0.254,0
1329,2010,7,0.254,0
1330,2010,8,0.0,0
1331,2010,9,0.0,0
1332,2010,10,54.61000000000002,0
1333,2010,11,42.41800000000002,0
1334,2010,12,285.49599999999884,1
1335,2011,1,29.718000000000014,0
1336,2011,2,95.75800000000004,0
1337,2011,3,178.0539999999993,1
1338,2011,4,1.016,0
1339,2011,5,17.018,0
1340,2011,6,19.558000000000007,1
1341,2011,7,0.0,0
1342,2011,8,0.0,0
1343,2011,9,0.0,0
1344,2011,10,29.71800000000001,0
1345,2011,11,54.61000000000003,0
1346,2011,12,11.938000000000006,0
1347,2012,1,49.02200000000003,0
1348,2012,2,1.778,0
1349,2012,3,76.70800000000004,0
1350,2012,4,71.37400000000004,1
1351,2012,5,0.0,0
1352,2012,6,0.0,0
1353,2012,7,0.0,0
1354,2012,8,0.0,0
1355,2012,9,0.254,0
1356,2012,10,0.762,0
1357,2012,11,70.61200000000004,0
1358,2012,12,81.28000000000003,0
1359,2013,1,34.29000000000001,0
1360,2013,2,5.3340000000000005,0
1361,2013,3,18.03399996593595,0
1362,2013,4,9.905999778583647,0
1363,2013,5,5.333999880775809,0
1364,2013,6,1.777999960258603,0
1365,2013,7,0.5079999886453151,0
1366,2013,8,0.0,0
1367,2013,9,0.254,0
1368,2013,10,2.793999943226576,0
1369,2013,11,23.367999477684496,0
1370,2013,12,5.5879998750984665,0
1371,2014,1,0.0,0
1372,2014,2,93.47199791073798,0
1373,2014,3,64.76999855227768,0
1374,2014,4,11.937999733164906,0
1375,2014,5,1.5239999659359453,0
1376,2014,6,0.2539999943226576,0
1377,2014,7,0.0,0
1378,2014,8,0.7619999829679728,0
1379,2014,9,0.2539999943226576,0
1380,2014,10,1.0159999772906303,0
1381,2014,11,21.843999511748553,0
1382,2014,12,136.39799695126712,1
1383,2015,1,39.877999108657235,0
1384,2015,2,21.081999528780578,0
1385,2015,3,10.159999772906303,0
1386,2015,4,7.6199998296797276,0
1387,2015,5,7.36599983535707,0
1388,2015,6,18.03399959690869,1
1389,2015,7,2.0319999545812606,0
1390,2015,8,0.0,0
1391,2015,9,2.5399999432265754,0
1392,2015,10,6.603999852389097,0
1393,2015,11,3.3019999261945485,0
1394,2015,12,9.397999789938329,0
1395,2016,1,134.61999699100852,0
1396,2016,2,38.35399914272129,0
1397,2016,3,87.12199805267154,0
1398,2016,4,12.69999971613288,0
1399,2016,5,1.5239999659359456,0
1400,2016,6,1.0159999772906303,0
1401,2016,7,0.0,0
1402,2016,8,0.0,0
1403,2016,9,0.5079999886453151,0
1404,2016,10,20.319999545812607,0
1405,2016,11,25.653999426588413,0
1406,2016,12,90.16999798454343,0
1407,2017,1,215.64599517993628,0
1408,2017,2,273.0499938968569,1
1409,2017,3,24.891999443620442,0
1410,2017,4,8.889999801293015,0
1411,2017,5,5.841999869421125,0
1412,2017,6,0.5079999886453151,0
1413,2017,7,0.0,0
1414,2017,8,0.0,0
1415,2017,9,9.39799978993833,0
1416,2017,10,0.5079999886453151,0
1417,2017,11,1.777999960258603,0
1418,2017,12,0.2539999943226576,0
1419,2018,1,48.76799890995025,0
1420,2018,2,1.7779999602586032,0
1421,2018,3,179.5779959861189,1
1422,2018,4,0.7619999829679727,0
1423,2018,5,6.603999852389096,0
1424,2018,6,1.777999960258603,0
1425,2018,7,0.0,0
1426,2018,8,0.0,0
1427,2018,9,0.0,0
1428,2018,10,25.90799942091107,0
1429,2018,11,63.499998580664396,0
1430,2018,12,9.143999795615672,0
1431,2019,1,191.5159957192838,0
1432,2019,2,204.2159954354167,0
1433,2019,3,99.31399778015911,0
1434,2019,4,5.333999880775809,0
1435,2019,5,54.863998773694036,1
1436,2019,6,2.539999943226576,0
1437,2019,7,0.0,0
1438,2019,8,0.2539999943226576,0
1439,2019,9,0.0,0
1440,2019,10,0.0,0
1441,2019,11,46.22800000000002,0
1442,2019,12,172.97399999999982,1
1443,2020,1,12.192000000000005,0
1444,2020,2,2.032,0
1445,2020,3,108.96600000000005,0
1446,2020,4,68.58000000000004,1
1447,2020,5,3.555999999999999,0
1448,2020,6,3.8099999999999996,0
1449,2020,7,0.0,0
1450,2020,8,0.0,0
1451,2020,9,1.5239999659359453,0
1452,2020,10,0.5079999886453151,0
1453,2020,11,1.777999960258603,0
1454,2020,12,54.10199879072606,0
1455,2021,1,81.78799817189574,0
1456,2021,2,0.7619999829679727,0
1457,2021,3,45.21199898943305,0
1458,2021,4,0.0,0
1459,2021,5,0.7619999829679727,0
1460,2021,6,0.2539999943226576,0
1461,2021,7,0.0,0
1462,2021,8,0.508,0
1463,2021,9,0.2539999943226576,0
1464,2021,10,39.877999108657235,0
1465,2021,11,1.269999971613288,0
1466,2021,12,241.2999946065247,1
1467,2022,1,4.063999909162521,0
1468,2022,2,1.269999971613288,0
1469,2022,3,43.433999029174444,0
1470,2022,4,7.111999841034412,0
1471,2022,5,1.2699999829679727,0
1472,2022,6,0.0,0
1473,2022,7,0.0,0
1474,2022,8,0.0,0
1475,2022,9,5.08,0
1476,2022,10,1.269999971613288,0
1477,2022,11,45.97399897240102,0
1478,2022,12,120.39599730893968,0
